%YAML:1.0
---
Intrinsic_camera_matrix: !!opencv-matrix
   rows: 3
   cols: 3
   dt: d
   data: [ 6.5426510372380085e+02, 0., 3.0362260557400646e+02, 0.,
       6.5356669993196317e+02, 2.4540766984337867e+02, 0., 0., 1. ]
distortion_matrix: [ -2.68091351e-01, 2.48738945e-01, -1.08774507e-03,
    -2.54942104e-04, -2.46370375e-01 ]
mean_projection_error: 7.5665985256072510e-01
