<?xml version="1.0"?>
<opencv_storage>
<Intrinsic_camera_matrix type_id="opencv-matrix">
  <rows>3</rows>
  <cols>3</cols>
  <dt>d</dt>
  <data>
    6.5546389684437804e+02 0. 3.0189977882917628e+02 0.
    6.6054793652106014e+02 2.2971375925146631e+02 0. 0. 1.</data></Intrinsic_camera_matrix>
<distortion_matrix>
  -3.06419373e-01 4.66697186e-01 1.60677591e-03 2.86572991e-04
  -6.11738920e-01</distortion_matrix>
</opencv_storage>
